1024 1.50760000000000000000
2048 1.53430000000000000000
3072 1.52346000000000000000
4096 1.49830000000000000000
5120 1.51958000000000000000
6144 1.49282000000000000000
7168 1.51956000000000000000
8192 1.41694000000000000000
9216 1.48532000000000000000
10240 1.42606000000000000000
11264 1.45476000000000000000
12288 1.34142000000000000000
13312 1.39374000000000000000
14336 1.37314000000000000000
15360 1.41758000000000000000
16384 1.45270000000000000000
17408 1.46992000000000000000
18432 1.46646000000000000000
19456 1.35430000000000000000
20480 1.30096000000000000000
21504 1.32294000000000000000
22528 1.30126000000000000000
23552 1.38620000000000000000
24576 1.34834000000000000000
25600 1.41410000000000000000
26624 1.42540000000000000000
27648 1.50186000000000000000
28672 1.49886000000000000000
29696 1.54684000000000000000
30720 1.53114000000000000000
31744 1.60652000000000000000
32768 1.51298000000000000000
33792 1.59326000000000000000
34816 1.39422000000000000000
35840 1.60032000000000000000
36864 1.58814000000000000000
37888 1.50238000000000000000
38912 1.44840000000000000000
39936 1.66034000000000000000
40960 1.53730000000000000000
